
1.007735878185081	
1.005337634641811	
1.003066245481479	
1.000822482347931	
0.998663687794645	
0.996610454194792	
0.994596948920749	
0.992630062938103	
0.990725195329386	
0.988857029260923	
0.987106690716598	
0.985385448727400	
0.983708312340474	
0.982150821691437	
0.980562008401194	
0.979085532324344	
0.977605307203664	
0.976209947011692	
0.974843527191690	
0.973514185348851	
0.972219170078849	
0.971023722380183	
0.969791421939500	
0.968624223182458	
0.967524544382833	
0.966443851668339	
0.965391645348597	
0.964331116181735	
0.963279872263049	
0.962339008528430	
0.961415062901055	
0.960525713084171	
0.959643895193954	
0.958800268613668	
0.957953022689785	
0.957122781452127	
0.956333826940745	
0.955543567111661	
0.954858680109683	
0.954164158023642	
0.953509987358643	
0.952863398466765	
0.952256075974889	
0.951633108201439	
0.951010802661439	
0.950471344236444	
0.949875752961946	
0.949387999659028	
0.948899401327208	
0.948425541083360	
0.947905084995508	
0.947449300620027	
0.947014297080080	
0.946628372473101	
0.946250926347845	
0.945814768138714	
0.945398035820269	
0.945009075889381	
0.944618601378331	
0.944297036944285	
0.944003897611264	
0.943639383112936	
0.943305845227407	
0.942945201830992	
0.942614510609312	
0.942267310782162	
0.942016904779335	
0.941702161569426	
0.941498059961567	
0.941266612923817	
0.940972520523420	
0.940691395562940	
0.940476593206014	
0.940215749664284	
0.940008734425823	
0.939788558687486	
0.939566805934833	
0.939355249410132	
0.939103335308916	
0.938902877286127	
0.938695759257322	
0.938449393241994	
0.938325882843960	
0.938155479431511	
0.937994204572547	
0.937811846034247	
0.937639120123143	
0.937486285265296	
0.937329865101179	
0.937196510277143	
0.937140945717545	
0.937039431837195	
0.936924701345007	
0.936792469344363	
0.936654049035085	
0.936556191429290	
0.936488742194425	
0.936372573665001	
0.936262731728384	
0.936134997866052	
0.936107935270965	
0.936006515453973	
0.935935842452665	
0.935918327487993	
0.935825711387428	
0.935748308548973	
0.935620172351535	
0.935523110734943	
0.935465085057361	
0.935449163815292	
0.935375605128993	
0.935296652050097	
0.935235168558628	
0.935114743435984	
0.935042307636159	
0.935003370118686	
0.934893341402068	
0.934910768547588	
0.934886016237277	
0.934872073759954	
0.934777491061225	
0.934731077365514	
0.934695948836701	
0.934662080582370	
0.934612502121948	
0.934505518821866	
0.934496723920020	
0.934465695700348	
0.934416927091802	
0.934387932120293	
0.934419704989415	
0.934326550978686	
0.934249788458654	
0.934248074681265	
0.934243946177670	
0.934249819586466	
0.934254419099927	
0.934251401323447	
0.934218016963244	
0.934173268555335	
0.934123092937662	
0.934081048679369	
0.934044478394701	
0.933983181777814	
0.933979931384481	
0.933972051306324	
0.933980332692603	
0.933968237306697	
0.933320302100029	
0.932447714804204	
0.875127916391357	
0.785758649006058	
0.629343472360466	
0.380234852308111	
0.085632058736260	
-0.168987938425776	
-0.351928074518188	
-0.477925566291026	
-0.566237637795155	
-0.629818840128259	
-0.677490353484291	
-0.714106699688016	
-0.742795732328242	
-0.766354589468121	
-0.785525038134238	
-0.801723692726750	
-0.815153747117666	
-0.826874753934621	
-0.836936891024345	
-0.845622744908981	
-0.853174919272037	
-0.859955161117711	
-0.865852250576175	
-0.871183513292546	
-0.875905375686511	
-0.880093218509518	
-0.884002361894035	
-0.887439143684454	
-0.890670838182455	
-0.893465164008215	
-0.896093140052093	
-0.898565271616218	
-0.900782374732883	
-0.902847893933388	
-0.904770921325011	
-0.906522093332648	
-0.908038048491356	
-0.909545167196127	
-0.910911041419179	
-0.912227019161900	
-0.913347530382083	
-0.914471071702725	
-0.915555334930349	
-0.916524527240314	
-0.917509335314501	
-0.918318225782995	
-0.919089097420279	
-0.919847503336559	
-0.920507745379781	
-0.921115102886957	
-0.921741028148982	
-0.922263289833510	
-0.922823290131801	
-0.923311276529334	
-0.923860941944385	
-0.924295315426714	
-0.924727649807502	
-0.925133371438404	
-0.925543982947472	
-0.925867505488390	
-0.926220184279995	
-0.926532563673982	
-0.926807750454589	
-0.927124226100567	
-0.927429435088587	
-0.927701608400727	
-0.927993794803476	
-0.928229121701357	
-0.928420995716806	
-0.928662534867517	
-0.928777879363296	
-0.928995963948525	
-0.929187767306102	
-0.929329186084428	
-0.929528197622349	
-0.929751026717406	
-0.929861406241666	
-0.930070051908516	
-0.930249632321024	
-0.930308978775707	
-0.930465861848704	
-0.930568482434562	
-0.930649324271611	
-0.930766949980806	
-0.930882556227059	
-0.930897440394454	
-0.930979148615233	
-0.931090672196706	
-0.931204918648221	
-0.931301971391886	
-0.931360365870601	
-0.931455496250106	
-0.931473128388861	
-0.931617231899878	
-0.931709182423383	
-0.931790184192689	
-0.931819979747598	
-0.931912252116360	
-0.931991648237955	
-0.932074895754171	
-0.932095845999993	
-0.932173037170043	
-0.932253616495549	
-0.932275279546552	
-0.932291038575298	
-0.932393425730900	
-0.932366010013271	
-0.932358888131559	
-0.932441035184831	
-0.932467761487472	
-0.932531696708755	
-0.932533054713352	
-0.932533208444678	
-0.932564406927469	
-0.932575722927078	
-0.932569308393218	
-0.932566723357832	
-0.932627104345301	
-0.932628598493530	
-0.932690796721544	
-0.932710305463615	
-0.932668042986117	
-0.932715247227429	
-0.932694196926101	
-0.932697476175182	
-0.932702034642860	
-0.932707417660148	
-0.932675351017178	
-0.932631833545720	
-0.932649466730777	
-0.932664309414057	
-0.932629466808809	
-0.932706356535346	
-0.932751926966514	
-0.932763548078138	
-0.932706078918327	
-0.932761601279766	
-0.932794645379110	
-0.932793654807782	
-0.932799367170096	
-0.932811700643242	
-0.932806029699940	
-0.932797551563815	
-0.932791631418989	
-0.932811835890148	
-0.932768772567858	
-0.932235088491935	
-0.931286276887198	
-0.929745310866351	
-0.927273317971723	
-0.868422699026802	
-0.778192715580924	
-0.621125195024076	
-0.372767762419579	
-0.079310208935278	
0.173442263019909	
0.355381940365716	
0.480362270275150	
0.567742239834853	
0.631285360404345	
0.678785657360860	
0.715218923080149	
0.744351792576104	
0.767626632554102	
0.786994523975007	
0.802793312307440	
0.816259696987377	
0.827616624609240	
0.837561872059874	
0.846141486688119	
0.853722974582521	
0.860390518398843	
0.866203954597748	
0.871490043533602	
0.876323323998758	
0.880532453686457	
0.884334481301960	
0.887830737624336	
0.890904598220543	
0.893734749829174	
0.896310505590506	
0.898666719734033	
0.900873257957669	
0.902894275965750	
0.904775354815585	
0.906557252211256	
0.908201713940517	
0.909657925659820	
0.911055877510515	
0.912328328665980	
0.913609173278904	
0.914735559717985	
0.915747783797220	
0.916741178312439	
0.917755477160283	
0.918607463960731	
0.919370398755468	
0.920039087576775	
0.920792946394120	
0.921461055917851	
0.922031292204810	
0.922664677461086	
0.923222045002646	
0.923747122324056	
0.924234843595569	
0.924692182621922	
0.925109101896812	
0.925548019406838	
0.925911698725318	
0.926272349945208	
0.926550106626954	
0.926873864779108	
0.927172993751696	
0.927508380827113	
0.927788929321075	
0.928054918358611	
0.928304613637420	
0.928560418972748	
0.928862926419120	
0.929100228286226	
0.929288142423747	
0.929480492695666	
0.929690319520884	
0.929845088386955	
0.929997003976657	
0.930164228969581	
0.930322582457282	
0.930538621229190	
0.930638404573840	
0.930781901750020	
0.930893689039391	
0.931007158158286	
0.931076978098929	
0.931198050625619	
0.931274585642858	
0.931392419984597	
0.931434008156938	
0.931500654092729	
0.931564096621334	
0.931676749033445	
0.931783549785609	
0.931872959953051	
0.931935787973219	
0.931958234145490	
0.932022215874078	
0.932017198837639	
0.932101015406749	
0.932172680791865	
0.932226075640638	
0.932257729737073	
0.932267542645233	
0.932372445898731	
0.932475574402655	
0.932503221807949	
0.932559479033373	
0.932589399882891	
0.932627894587571	
0.932720598178093	
0.932675577684849	
0.932670210808199	
0.932689702257813	
0.932737363731381	
0.932816253993101	
0.932870622388447	
0.932909162145224	
0.932885958343246	
0.932918749718559	
0.932955148365725	
0.933014549048906	
0.933034651247198	
0.933036669063292	
0.933030063418438	
0.933023030474404	
0.932965681715415	
0.932925249305001	
0.932939593785539	
0.932944718199039	
0.933000248098512	
0.933022787297984	
0.933075434041146	
0.933052797424788	
0.933064916066359	
0.933122162388563	
0.933088633250309	
0.933139437407065	
0.933100572148233	
0.933109112530745	
0.933216187483392	
0.933154653724475	
0.933139081965550	
0.933116732810729	
0.933073641403015	
0.933049561471248	
0.933059566831781	
0.932521527883865	
0.931620230476529	
0.930065981670453	
0.927588705467147	
0.924679152501635	
0.922197487123113	
0.864396008141399	
0.775228366091590	
0.619639074430910	
0.369900396689240	
0.076229354195694	
-0.176818187485809	
-0.357902362490680	
-0.482226391094297	
-0.569339853821439	
-0.632157764916414	
-0.679173558380166	
-0.715584998177259	
-0.744617301717025	
-0.767682663994988	
-0.786717076233029	
-0.802645866646086	
-0.816063617524637	
-0.827547585938123	
-0.837355340739452	
-0.845863921416099	
-0.853485834975368	
-0.860105819392196	
-0.865942763243519	
-0.871195353317045	
-0.875924667327241	
-0.880222699561389	
-0.883990405713549	
-0.887522557864841	
-0.890686699681088	
-0.893527730686535	
-0.896105462642217	
-0.898561646931583	
-0.900741054742739	
-0.902781364489165	
-0.904689935985257	
-0.906505746137836	
-0.908107537895905	
-0.909603391753268	
-0.911008640529142	
-0.912317671406292	
-0.913452427448992	
-0.914516610747649	
-0.915593018566467	
-0.916608082334486	
-0.917423460550437	
-0.918295053891532	
-0.919114770990510	
-0.919887646944939	
-0.920646777052049	
-0.921209307898982	
-0.921749222121849	
-0.922379491764809	
-0.922957442897086	
-0.923434803320012	
-0.923884665009618	
-0.924295588763488	
-0.924758094882075	
-0.925163197493747	
-0.925576080599287	
-0.925968386443201	
-0.926337726046413	
-0.926631070188451	
-0.926969545450100	
-0.927220666689784	
-0.927516603815942	
-0.927778835092844	
-0.928031289206892	
-0.928315082772267	
-0.928568985345444	
-0.928783497520762	
-0.928997068679997	
-0.929251936118528	
-0.929401057264006	
-0.929562205668815	
-0.929752610211103	
-0.929882087979485	
-0.930021846398353	
-0.930156744998789	
-0.930320262670878	
-0.930390720962417	
-0.930499003913980	
-0.930610063453200	
-0.930808626001671	
-0.930890470903618	
-0.931075503685729	
-0.931132745301347	
-0.931164197583046	
-0.931231868657837	
-0.931295643192501	
-0.931347989338268	
-0.931422270881424	
-0.931527225786415	
-0.931622327357551	
-0.931716709525033	
-0.931834876581536	
-0.931858086526370	
-0.931906706414032	
-0.932003741289390	
-0.931994945466496	
-0.931984663880834	
-0.932004633665754	
-0.932119087477860	
-0.932159766291086	
-0.932234075064105	
-0.932236272767784	
-0.932316584699885	
-0.932368880475346	
-0.932387338232354	
-0.932377312880240	
-0.932484462104615	
-0.932516980080877	
-0.932540017577508	
-0.932551794914142	
-0.932566071103050	
-0.932589316229283	
-0.932621220489391	
-0.932616597302025	
-0.932631361888483	
-0.932670335827484	
-0.932647180313604	
-0.932631973014657	
-0.932636084289354	
-0.932674847364021	
-0.932699801767183	
-0.932722556620945	
-0.932772564046873	
-0.932837034132491	
-0.932856237651223	
-0.932884029122641	
-0.932889523467024	
-0.932883823005449	
-0.932901313811589	
-0.932891005434776	
-0.932876094610490	
-0.932882506061083	
-0.932887387131477	
-0.932905768078611	
-0.932939513524531	
-0.932934743097843	
-0.932898117688939	
-0.932948021786360	
-0.932914663805585	
-0.932389466002755	
-0.931550870737220	
-0.929947293610236	
-0.927564415918577	
-0.924673804991126	
-0.922044447673124	
-0.920212700693881	
-0.919005561596568	
-0.862019559307874	
-0.772970898585227	
-0.616898270165687	
-0.369001879232105	
-0.075606283213219	
0.177515708464390	
0.358592090296888	
0.483153992016532	
0.569512114459612	
0.632615093828509	
0.679896792554692	
0.716432552979125	
0.745237069311532	
0.768501106411829	
0.787631412791305	
0.803530312365002	
0.816883329577748	
0.828231828543540	
0.838049484392983	
0.846697538061816	
0.854270637928113	
0.860913503710226	
0.866803151894378	
0.871973587226490	
0.876692868931830	
0.880921315264422	
0.884720004556598	
0.888186331264527	
0.891280596767298	
0.894179022116836	
0.896750533191944	
0.899178848256732	
0.901352881990522	
0.903349341011680	
0.905205168281717	
0.906903217769391	
0.908510496792269	
0.910012070479631	
0.911303380486106	
0.912604895596306	
0.913848410842819	
0.914970001378966	
0.916054979548591	
0.916984068120748	
0.917888096756553	
0.918741425072375	
0.919508359164405	
0.920252571408244	
0.920930045743813	
0.921592177192166	
0.922231033137767	
0.922765529352614	
0.923330248160766	
0.923793360098201	
0.924271062806691	
0.924771097053845	
0.925152770286707	
0.925568786166337	
0.925899076405265	
0.926262158665167	
0.926540489774786	
0.926893761379687	
0.927201224079007	
0.927481411898179	
0.927738105384033	
0.928002394423209	
0.928206724850314	
0.928428744983567	
0.928637720151918	
0.928907338177346	
0.929086037733974	
0.929318871676907	
0.929522914813777	
0.929674198629903	
0.929810286054005	
0.930004138346705	
0.930186896041886	
0.930309955410975	
0.930503988639357	
0.930632507801929	
0.930780785819113	
0.930873782510560	
0.930967532122653	
0.931060744353622	
0.931122433473604	
0.931270104002841	
0.931403513568093	
0.931501895674716	
0.931576742129378	
0.931725153530575	
0.931733971365228	
0.931849958960045	
0.931937865444154	
0.931983424302212	
0.932073898561599	
0.932155824611558	
0.932202424978766	
0.932304060773119	
0.932347900419354	
0.932387242489385	
0.932440471502126	
0.932499701745788	
0.932527539074257	
0.932569061325536	
0.932650346756260	
0.932657186162442	
0.932703932325049	
0.932772424689895	
0.932792713747447	
0.932816700736225	
0.932826615767916	
0.932894064774100	
0.932954913083477	
0.932959173469811	
0.932918202339023	
0.932927504486943	
0.932875470712186	
0.932898719973906	
0.932933874195780	
0.932898214879308	
0.932910242434066	
0.932916152993406	
0.932981670945696	
0.933047643093191	
0.933086559982484	
0.933087191072463	
0.933110826305316	
0.933161060935081	
0.933134518203994	
0.933119219064573	
0.933147787292194	
0.933150396123613	
0.933106228756766	
0.933103918390148	
0.933115381260359	
0.933038485748198	
0.933045168157847	
0.933014781932478	
0.933090951506204	
0.933070759965405	
0.932561214320859	
0.931671453768314	
0.930126239302895	
0.927647923287722	
0.924698062702547	
0.922163385484550	
0.920402020656302	
0.919188410771690	
0.918357729386513	
0.917682909273429	
0.861251517023922	
0.773073165235361	
0.617436086684502	
0.369500466584359	
0.075896545620641	
-0.177740422306037	
-0.358331282015558	
-0.482527327291159	
-0.569844817323559	
-0.632821112038586	
-0.680131776916693	
-0.716416853481465	
-0.745297772211641	
-0.768407879584102	
-0.787331889132025	
-0.803037140772986	
-0.816283901511415	
-0.827706177634743	
-0.837795042247586	
-0.846323666370604	
-0.853908919813464	
-0.860535140290397	
-0.866281931623756	
-0.871643649401387	
-0.876317747130681	
-0.880506027525275	
-0.884321416530021	
-0.887777884977241	
-0.890881898644456	
-0.893773541162322	
-0.896439447309365	
-0.898931453814603	
-0.901153675460676	
-0.903133609621417	
-0.904991681859478	
-0.906708163596281	
-0.908254459884109	
-0.909646076968786	
-0.911037248031665	
-0.912323308581896	
-0.913550173991620	
-0.914631703769889	
-0.915631147890552	
-0.916592050697233	
-0.917481630377610	
-0.918336357414755	
-0.919141706600980	
-0.919911787148089	
-0.920602829313154	
-0.921289305764763	
-0.921912340749186	
-0.922543729264242	
-0.923052875442423	
-0.923496047963115	
-0.923984940221016	
-0.924440925311840	
-0.924843331195014	
-0.925315047265176	
-0.925675184915457	
-0.926084621283591	
-0.926405031536525	
-0.926738879911654	
-0.927000425136053	
-0.927280151007761	
-0.927520317089465	
-0.927796097455510	
-0.928056036348239	
-0.928255768607995	
-0.928478272282092	
-0.928648222290722	
-0.928892644049810	
-0.929142894541167	
-0.929334491126583	
-0.929547108550280	
-0.929772651942813	
-0.929916543870622	
-0.930097806008592	
-0.930292493252444	
-0.930440413759006	
-0.930575842374492	
-0.930661691003874	
-0.930738868067003	
-0.930824103882456	
-0.930895330313408	
-0.931023030550890	
-0.931096504300276	
-0.931215073664548	
-0.931333869174199	
-0.931399290648605	
-0.931530812837116	
-0.931625457269460	
-0.931767544271180	
-0.931823856544284	
-0.931878807136378	
-0.931935941224233	
-0.931945792869670	
-0.931990298512243	
-0.932019444770368	
-0.932068660582026	
-0.932154877654855	
-0.932216972371834	
-0.932279507037539	
-0.932341174991213	
-0.932269223770917	
-0.932249625075684	
-0.932283203775023	
-0.932328284674990	
-0.932320725174181	
-0.932379563084174	
-0.932386836903533	
-0.932417906557277	
-0.932423527546543	
-0.932442141358776	
-0.932443015664298	
-0.932460874495555	
-0.932515264379057	
-0.932535537769475	
-0.932514300063723	
-0.932506400030960	
-0.932573352079658	
-0.932571969986031	
-0.932614219229459	
-0.932618349147636	
-0.932645932871169	
-0.932647256779378	
-0.932651246331357	
-0.932657906852474	
-0.932679340193314	
-0.932670094726209	
-0.932674186092707	
-0.932676186087373	
-0.932598968479645	
-0.932617358166065	
-0.932637088368995	
-0.932606593142460	
-0.932597610977523	
-0.932580615175808	
-0.932586466285716	
-0.932036690480226	
-0.931209484917354	
-0.929614757851943	
-0.927103251294704	
-0.924124298527725	
-0.921656107263175	
-0.919937477304793	
-0.918695837026674	
-0.917808177792568	
-0.917202373956783	
-0.916701720375492	
-0.916367104534192	
-0.860204487389146	
-0.772161393832729	
-0.616108384122348	
-0.367719802721483	
-0.074941866153522	
0.177210836148653	
0.357510480546438	
0.482040213839450	
0.569409330945951	
0.632757233396229	
0.679994472570811	
0.716350780435162	
0.745087965791633	
0.768368223874654	
0.787484287236141	
0.803410871229440	
0.816695315208014	
0.828257006506248	
0.838126758894988	
0.846758527129513	
0.854196122910444	
0.860874628212447	
0.866814379105592	
0.871997386373575	
0.876696596563161	
0.880939031861238	
0.884691801296004	
0.888006644611766	
0.891158656008073	
0.893997708265030	
0.896555140225366	
0.898932067691570	
0.901232201462221	
0.903343301682058	
0.905228394126006	
0.906875417739530	
0.908439696672184	
0.909966298943268	
0.911278099230399	
0.912591110861124	
0.913760125148872	
0.914848001077335	
0.915874743140780	
0.916837466216898	
0.917772908042345	
0.918608378566482	
0.919426665261742	
0.920139521032368	
0.920819100279832	
0.921448966160206	
0.922079699961107	
0.922690983844650	
0.923240239528976	
0.923801470857489	
0.924297182048810	
0.924702035690900	
0.925146918186751	
0.925545053236054	
0.925870649423378	
0.926170112535703	
0.926476857487186	
0.926788211394586	
0.927104587237936	
0.927369517420029	
0.927679153760739	
0.927923133151113	
0.928164323980357	
0.928365489054402	
0.928634117559164	
0.928843706205203	
0.929083682129300	
0.929289135985706	
0.929476778611191	
0.929646099319676	
0.929822555171136	
0.929978629175271	
0.930172824628920	
0.930270919367894	
0.930434714236934	
0.930527814705063	
0.930563212588533	
0.930702293309427	
0.930790071254579	
0.930810284472189	
0.930962197369433	
0.931146635262226	
0.931271218183069	
0.931340550782638	
0.931432483633208	
0.931505978099183	
0.931557748783029	
0.931635436615203	
0.931672574085861	
0.931751093518421	
0.931837208720877	
0.931915205861387	
0.931959953645725	
0.932096970689361	
0.932120341509471	
0.932132972651177	
0.932151687328075	
0.932211477002851	
0.932264289208647	
0.932352434473353	
0.932384799672024	
0.932428405452059	
0.932499099439880	
0.932514481081884	
0.932549969208383	
0.932508590645902	
0.932578736456118	
0.932595085834406	
0.932610812992166	
0.932638289721842	
0.932709401149881	
0.932708406358375	
0.932777673627187	
0.932779974982331	
0.932760746626311	
0.932714365141828	
0.932747229722217	
0.932747250188440	
0.932726891206989	
0.932784726696667	
0.932741828722485	
0.932802037240976	
0.932758651005465	
0.932746657350014	
0.932779163674951	
0.932821933068726	
0.932848493976495	
0.932784339094627	
0.932800667620240	
0.932867748154194	
0.932920163649574	
0.932929545595908	
0.932334250458438	
0.931399882332537	
0.929863122421669	
0.927438604588780	
0.924471326067168	
0.921907922851282	
0.920156154374215	
0.918953622263996	
0.918144097691231	
0.917545828033691	
0.917032948746598	
0.916648389985083	
0.916345885110594	
0.916104392636813	
0.860359286384289	
0.772368408071200	
0.615804659833747	
0.367190097966515	
0.072904160859883	
-0.179619892925667	
-0.359760745194128	
-0.484056963546778	
-0.571079350832327	
-0.633733147770466	
-0.680692069251955	
-0.716920931573193	
-0.745148213533050	
-0.768164982998201	
-0.787011540253263	
-0.802826338892148	
-0.816324964723814	
-0.827793818140536	
-0.837720275027343	
-0.846264423843788	
-0.853827390729784	
-0.860492820433154	
-0.866398639414597	
-0.871631753923294	
-0.876222898559841	
-0.880336634024494	
-0.884135067245442	
-0.887595354324423	
-0.890809710811451	
-0.893732311791383	
-0.896277214946794	
-0.898623556653353	
-0.900830169788120	
-0.902906206976473	
-0.904680332815867	
-0.906386832632365	
-0.907980673346801	
-0.909449682063155	
-0.910961037679414	
-0.912210952223759	
-0.913443833552965	
-0.914565488691000	
-0.915629927014560	
-0.916626193512804	
-0.917495668763970	
-0.918303927844320	
-0.919150564444395	
-0.919948906872478	
-0.920634821078998	
-0.921241050714627	
-0.921889301047385	
-0.922492376661125	
-0.923037711465600	
-0.923552166008555	
-0.924096765657830	
-0.924486114398402	
-0.924920826456507	
-0.925328525074959	
-0.925662487969986	
-0.926044110048774	
-0.926341225959228	
-0.926674668374590	
-0.927011434936039	
-0.927319005409309	
-0.927566876386374	
-0.927903749252830	
-0.928079697962621	
-0.928348191366154	
-0.928455290812800	
-0.928689115685169	
-0.928867542433093	
-0.929087945089540	
-0.929272877900120	
-0.929473280985548	
-0.929701438946560	
-0.929851085384649	
-0.929934783254212	
-0.930104228462737	
-0.930304505298964	
-0.930453965329448	
-0.930565867129924	
-0.930696947403808	
-0.930766670237907	
-0.930900430257046	
-0.930953488826768	
-0.931057357585978	
-0.931139128770546	
-0.931188169159968	
-0.931289996423339	
-0.931414544746386	
-0.931455949805952	
-0.931564179199109	
-0.931622522410543	
-0.931654091816236	
-0.931708234205950	
-0.931772560134249	
-0.931792513398097	
-0.931765963229431	
-0.931795396932140	
-0.931865046914539	
-0.931997019157833	
-0.932049887632315	
-0.932136680560658	
-0.932168637818253	
-0.932166912162129	
-0.932253780526189	
-0.932376401397639	
-0.932410452505068	
-0.932329879282670	
-0.932317941918950	
-0.932342874302091	
-0.932435160445942	
-0.932450328948122	
-0.932486647182200	
-0.932535403686757	
-0.932561819840354	
-0.932578004158879	
-0.932580043869725	
-0.932590457112825	
-0.932635312225046	
-0.932622278510768	
-0.932613898285883	
-0.932591441320544	
-0.932580552067099	
-0.932608844934160	
-0.932585645189031	
-0.932563141854041	
-0.932572050146313	
-0.932586856950524	
-0.932628091430648	
-0.932632106543748	
-0.932648224980781	
-0.932634465786382	
-0.932580711449663	
-0.932119566531721	
-0.931228956258260	
-0.929721366792344	
-0.927213344302949	
-0.924243735331112	
-0.921756538526477	
-0.919991604591697	
-0.918800464815406	
-0.917911936605898	
-0.917224600258316	
-0.916720210015234	
-0.916351060197587	
-0.916068126879730	
-0.915839416922034	
-0.915687495500563	
-0.915600218493873	
-0.859521647011599	
-0.771916590433260	
-0.617489018249717	
-0.371049907565172	
-0.078156454793376	
0.175494922496786	
0.357056649847334	
0.481317682053613	
0.568938314595381	
0.632280994816647	
0.680172471755837	
0.716439411325248	
0.744806439938514	
0.768011207278638	
0.787072878048772	
0.802912322710586	
0.816460856198240	
0.827880215068024	
0.837775997961389	
0.846268433800828	
0.853623462522757	
0.860371682088033	
0.866375762085292	
0.871577950475935	
0.876201073681563	
0.880485922782661	
0.884304893412895	
0.887801542229598	
0.890889872229837	
0.893727687046115	
0.896403893035381	
0.898831305126373	
0.901120777199866	
0.903100085869409	
0.905012192599111	
0.906771605845393	
0.908365614795305	
0.909781840510568	
0.911154318787673	
0.912460571144649	
0.913686465435508	
0.914792487399920	
0.915880778936519	
0.916905804358671	
0.917831349182485	
0.918651814159309	
0.919446923216230	
0.920205244001164	
0.920907425129142	
0.921573806087304	
0.922278709163947	
0.922872890695712	
0.923458123811490	
0.923938982522471	
0.924402833644895	
0.924892234266321	
0.925353317118712	
0.925728642173873	
0.926044916831219	
0.926425328004513	
0.926774241862954	
0.927102982687191	
0.927369310308892	
0.927590187560571	
0.927898409593892	
0.928129821866154	
0.928437273292464	
0.928691859112403	
0.928957649085427	
0.929167212024077	
0.929328518960638	
0.929549309894311	
0.929700194639588	
0.929919097952774	
0.930000337731625	
0.930168436010010	
0.930315661530491	
0.930408424689820	
0.930563647932519	
0.930703707166251	
0.930891542124644	
0.930957259027523	
0.931109324129690	
0.931256945865537	
0.931425459454407	
0.931560553825008	
0.931601371647233	
0.931670278809648	
0.931704260968842	
0.931707113765832	
0.931784278813484	
0.931852241745173	
0.931959420183614	
0.932024924278741	
0.932106949319390	
0.932198469820075	
0.932291965553160	
0.932324300473086	
0.932419037640497	
0.932459356999501	
0.932458930894578	
0.932487829494160	
0.932495466600394	
0.932564777478865	
0.932663457864236	
0.932661544776124	
0.932671930931366	
0.932738572698268	
0.932747522020339	
0.932786538425216	
0.932760140427056	
0.932776139530768	
0.932769490826917	
0.932710737186417	
0.932738352689565	
0.932772913600802	
0.932768277834088	
0.932771149215148	
0.932758953316744	
0.932704363716765	
0.932715563338181	
0.932686832970984	
0.932772271138663	
0.932833656839318	
0.932798895345606	
0.932777236079924	
0.932743027151098	
0.932755313620365	
0.932747146421574	
0.932823190643617	
0.932842038664005	
0.932885091795769	
0.932343699598112	
0.931447462306186	
0.929918931432712	
0.927375683118466	
0.924432065072490	
0.921883329882539	
0.920108528868901	
0.918884265923505	
0.918014765429201	
0.917406387522712	
0.916953289673571	
0.916508115346625	
0.916267051284975	
0.916123986304750	
0.915989090652806	
0.915838327806781	
0.915692048284596	
0.915576622331466	
0.859518042864550	
0.772216785344575	
0.618019062951213	
0.371801520689749	
0.079212641666369	
-0.174739782094383	
-0.356912920540939	
-0.481322871466285	
-0.568834079123701	
-0.632363164890096	
-0.680024715497318	
-0.716472787718553	
-0.745139731663001	
-0.768185511184568	
-0.787143323440244	
-0.803097270557871	
-0.816507452391933	
-0.827955044499048	
-0.837754890331683	
-0.846338601642524	
-0.853959729465950	
-0.860555030981963	
-0.866426607709599	
-0.871686892864185	
-0.876422691814961	
-0.880621016406581	
-0.884428265914211	
-0.887818448542911	
-0.890992289328736	
-0.893868453450506	
-0.896459657088818	
-0.898821899245240	
-0.901127669925106	
-0.903219446134882	
-0.905088880514941	
-0.906802579872137	
-0.908370700459968	
-0.909851649029341	
-0.911213875823411	
-0.912466666596438	
-0.913631869727674	
-0.914728527466432	
-0.915792735973850	
-0.916789036256496	
-0.917652981400886	
-0.918542766912561	
-0.919326785287343	
-0.920050715633331	
-0.920673920875132	
-0.921284855300041	
-0.921867250738987	
-0.922495259894002	
-0.923028553455481	
-0.923477558609687	
-0.923998906039325	
-0.924445441177615	
-0.924852236446502	
-0.925204420936292	
-0.925702913219047	
-0.926029043723761	
-0.926442079860292	
-0.926743266088463	
-0.927036463606165	
-0.927304347089721	
-0.927622915043341	
-0.927837542122795	
-0.928140786583860	
-0.928369505616957	
-0.928544018241204	
-0.928707500945101	
-0.928945679234851	
-0.929153543231030	
-0.929309388967640	
-0.929547886952145	
-0.929750116117882	
-0.929921467499569	
-0.930078221696451	
-0.930122488416548	
-0.930265048853556	
-0.930375805992005	
-0.930483116036124	
-0.930617035356423	
-0.930774763276860	
-0.930879403326863	
-0.930954570405001	
-0.931002003068937	
-0.931075956445730	
-0.931178180438658	
-0.931244584721414	
-0.931368964111828	
-0.931463815531196	
-0.931519663668128	
-0.931578094755144	
-0.931584925315350	
-0.931703167086331	
-0.931810721825081	
-0.931880478867043	
-0.931880185807434	
-0.931956736855450	
-0.931991636230644	
-0.932038803771740	
-0.932075627880324	
-0.932065531344976	
-0.932185927607303	
-0.932205021724322	
-0.932191158582935	
-0.932189611965959	
-0.932208109632080	
-0.932204429655357	
-0.932259218462522	
-0.932242134795554	
-0.932314624085490	
-0.932336799379307	
-0.932351736614479	
-0.932326709136301	
-0.932327563708430	
-0.932312990881866	
-0.932382501545021	
-0.932410782060437	
-0.932441247210766	
-0.932421376581433	
-0.932426381759848	
-0.932415261237249	
-0.932387169596256	
-0.932414040200257	
-0.932473012460880	
-0.932499589720883	
-0.932471389336923	
-0.932458679147221	
-0.932481774120923	
-0.931960860359416	
-0.931086956389991	
-0.929568506564187	
-0.927053149633512	
-0.924143932809484	
-0.921668317401106	
-0.919862937242156	
-0.918619144890354	
-0.917717743094196	
-0.917074206087854	
-0.916637266807066	
-0.916301994942166	
-0.916026014039050	
-0.915820384487179	
-0.915599981945228	
-0.915403561074578	
-0.915275936759885	
-0.915226452348779	
-0.915097792097879	
-0.915079389292223	
-0.858935127741666	
-0.770393309881562	
-0.614526271051913	
-0.367262729906128	
-0.072870763421117	
0.179538767587911	
0.359817293397159	
0.484135986784054	
0.570480427665361	
0.633451967603742	
0.680488749621041	
0.716784595994762	
0.745275924461810	
0.768416133349666	
0.787545343745174	
0.803358652554677	
0.816770141645956	
0.828049062363027	
0.837983849010128	
0.846565373866475	
0.854017321684881	
0.860714033314862	
0.866634550967501	
0.871970620124533	
0.876679751176780	
0.880988560443558	
0.884764695745633	
0.888205823269671	
0.891299989533009	
0.893987890666179	
0.896598468285413	
0.899072468246025	
0.901288107369263	
0.903308548134922	
0.905194950218504	
0.906880544951341	
0.908500462361948	
0.910034660628401	
0.911412057730463	
0.912674302790922	
0.913836124759360	
0.915036136652202	
0.916094415664681	
0.917088855528683	
0.917943186531915	
0.918887106536435	
0.919663652136997	
0.920375783223331	
0.921047897997998	
0.921694797463588	
0.922270084763828	
0.922864941328963	
0.923385107852178	
0.923929332197755	
0.924356192142081	
0.924797188283631	
0.925246615292249	
0.925663500304148	
0.926072713476035	
0.926407200203152	
0.926730908460724	
0.927026067514833	
0.927317499598431	
0.927613540454995	
0.927923862231410	
0.928179506890734	
0.928443326203940	
0.928590613665304	
0.928839923033624	
0.929056828230887	
0.929291059412195	
0.929498800393605	
0.929716644009786	
0.929899188578800	
0.930036454539632	
0.930230006009941	
0.930392168259111	
0.930493625887787	
0.930570114288385	
0.930709162445390	
0.930865371224714	
0.930936548907520	
0.931051359446021	
0.931155122141575	
0.931226033933607	
0.931349443010410	
0.931406870656313	
0.931509759602172	
0.931598246045008	
0.931604932731839	
0.931679124404777	
0.931729187486454	
0.931810652435147	
0.931855962309608	
0.931929339923799	
0.931989267771696	
0.932051488424247	
0.932086978408461	
0.932151352999183	
0.932218283310317	
0.932316715898825	
0.932362641209524	
0.932466058497415	
0.932480792453702	
0.932550836512118	
0.932590294593442	
0.932551214348101	
0.932640270242493	
0.932640500251295	
0.932644379503845	
0.932612330369783	
0.932578567427400	
0.932608881728135	
0.932633328965021	
0.932659181256635	
0.932609225755564	
0.932646921427124	
0.932555835555939	
0.932548468577216	
0.932669055664308	
0.932687136925364	
0.932730669571784	
0.932756257224718	
0.932836462686775	
0.932847241988270	
0.932899149367533	
0.932880500227300	
0.932866652777347	
0.932315620638873	
0.931448656341960	
0.929882849660494	
0.927395112925094	
0.924508987039611	
0.921928497845480	
0.920196168680737	
0.918959665585596	
0.918147254491837	
0.917556856692500	
0.917114940224669	
0.916684741765173	
0.916432381700499	
0.916191351431691	
0.915982176418718	
0.915838120478584	
0.915731025922892	
0.915656089794013	
0.915623554346407	
0.915555635747246	
0.915518483255887	
0.915480288495614	
0.859388061707246	
0.771625792615510	
0.616264897902003	
0.369075321015679	
0.075469782215618	
-0.177145034056523	
-0.358002263650354	
-0.482702945680645	
-0.570067422723411	
-0.632906997405697	
-0.680238160365255	
-0.716449704600913	
-0.745203888096837	
-0.768253854136486	
-0.787415193322422	
-0.803159422125686	
-0.816666242260256	
-0.828165583668599	
-0.838075142321997	
-0.846656325465759	
-0.854174012744553	
-0.860730717064682	
-0.866613360062250	
-0.871831039238672	
-0.876534904211770	
-0.880693142507518	
-0.884473185510173	
-0.887945278310822	
-0.891163100484908	
-0.893977000800274	
-0.896655138976760	
-0.899007782195885	
-0.901253344458514	
-0.903270907262683	
-0.905152047834298	
-0.906849397359906	
-0.908431399864363	
-0.909896005388536	
-0.911231185010009	
-0.912517247078185	
-0.913763965499887	
-0.914834500148923	
-0.915821847290190	
-0.916803156642329	
-0.917716277421928	
-0.918566814826063	
-0.919340580947075	
-0.920016291006515	
-0.920723732263452	
-0.921398241057993	
-0.922046060731864	
-0.922608968827896	
-0.923077069662746	
-0.923668261060849	
-0.924152705484118	
-0.924562296032489	
-0.924996268855930	
-0.925338506900148	
-0.925730184400861	
-0.926084161690373	
-0.926463693874739	
-0.926751120944690	
-0.927052479514190	
-0.927389037346703	
-0.927644358438492	
-0.927903628240917	
-0.928095018745080	
-0.928325718649421	
-0.928545373139216	
-0.928730021212578	
-0.928950629012382	
-0.929073248962801	
-0.929244127571051	
-0.929371145780124	
-0.929577382891767	
-0.929706621633501	
-0.929871692321492	
-0.929954818926332	
-0.930094778122418	
-0.930170389729344	
-0.930341148193250	
-0.930525512405549	
-0.930709172462488	
-0.930804153894074	
-0.930855566293233	
-0.930971545564636	
-0.931039630578715	
-0.931178813473654	
-0.931335576362243	
-0.931380510729314	
-0.931500114654471	
-0.931564209928801	
-0.931572618771493	
-0.931677890427987	
-0.931736378426219	
-0.931814850049587	
-0.931856071495999	
-0.931908083785358	
-0.931971807460829	
-0.932036020083443	
-0.932015729934386	
-0.932078976714868	
-0.932114293237575	
-0.932139202361547	
-0.932210771853288	
-0.932187558056230	
-0.932216489460795	
-0.932223545534306	
-0.932245535551174	
-0.932211329666140	
-0.932207290747140	
-0.932258260125049	
-0.932265293062008	
-0.932278721234627	
-0.932293659442168	
-0.932364874904218	
-0.932404763687309	
-0.932462338420707	
-0.932440411571443	
-0.932482026502908	
-0.932472977461428	
-0.932499173236161	
-0.932542968481452	
-0.932592459621461	
-0.932666205640577	
-0.932744813398863	
-0.932211492965267	
-0.931346959889773	
-0.929825032721805	
-0.927361514770701	
-0.924439172038717	
-0.921902099844192	
-0.920083226542227	
-0.918846043611290	
-0.917930084839902	
-0.917289389507614	
-0.916838317443354	
-0.916476027376146	
-0.916178772391456	
-0.915969407255527	
-0.915800591204414	
-0.915651681112133	
-0.915512222709725	
-0.915357331878638	
-0.915286902951771	
-0.915202611798333	
-0.915076372836846	
-0.915064829941134	
-0.915043503184462	
-0.914961421094795	
-0.859167796609440	
-0.771155076437031	
-0.614837600891870	
-0.367867762402157	
-0.075801848581872	
0.177063474288361	
0.357899247582117	
0.482228586654790	
0.569373133785991	
0.632531100558095	
0.679635559839266	
0.716120550071737	
0.744854379875088	
0.768073732802986	
0.787048407894444	
0.802865059884453	
0.816458981606421	
0.827837370837125	
0.837704892321448	
0.846386438958672	
0.853866968699164	
0.860590209210601	
0.866420702410310	
0.871629046368601	
0.876346720197092	
0.880560464741724	
0.884359872088576	
0.887805406722495	
0.891055301345817	
0.893941877332867	
0.896625423429873	
0.899053847741224	
0.901277238741106	
0.903281072127077	
0.905129829642052	
0.906851689059336	
0.908453828630531	
0.909907329025856	
0.911289242545497	
0.912539166534732	
0.913691550874469	
0.914757447822127	
0.915743039354114	
0.916687863420319	
0.917658560578558	
0.918528151307646	
0.919375579974031	
0.920117841893298	
0.920862234890313	
0.921565056788319	
0.922143584348202	
0.922727646222282	
0.923243537826273	
0.923799229887959	
0.924184953454434	
0.924633589267167	
0.925065100329539	
0.925503867950331	
0.925939458041065	
0.926283111926469	
0.926636693232931	
0.926951635687689	
0.927283500102788	
0.927608221797048	
0.927849927937163	
0.928142696618166	
0.928346856192528	
0.928569967772925	
0.928740257529300	
0.928926701858887	
0.929124667530999	
0.929336413708452	
0.929551548314835	
0.929721998721888	
0.929867255924109	
0.930048545117663	
0.930176786997913	
0.930274132394317	
0.930422235283834	
0.930552495323884	
0.930716755899354	
0.930867470416209	
0.930976205491432	
0.931097506377334	
0.931195374317518	
0.931271737741147	
0.931358131427759	
0.931462432554094	
0.931513217403378	
0.931610607755213	
0.931674579324427	
0.931792984194486	
0.931875340913501	
0.931941390556816	
0.932055192918844	
0.932056578970818	
0.932100962536415	
0.932201334720637	
0.932254223714895	
0.932328283807380	
0.932360370899682	
0.932411820037086	
0.932402661753240	
0.932428940128420	
0.932473542118776	
0.932511266252563	
0.932551123018872	
0.932545561275597	
0.932547921332836	
0.932603520422365	
0.932574217057483	
0.932660740826485	
0.932736261658757	
0.932739086311903	
0.932764420602528	
0.932802687515679	
0.932843497723553	
0.932874375080125	
0.932887714091564	
0.932939940040698	
0.933002685516825	
0.933015304793906	
0.932988288404480	
0.932962836298066	
0.932408774248957	
0.931520246620288	
0.929952390968626	
0.927408350994496	
0.924519635411745	
0.922030264588143	
0.920226374963150	
0.918940676562917	
0.918056186095153	
0.917411214526332	
0.916944658147796	
0.916660168499233	
0.916451484460642	
0.916212183389183	
0.916084927247904	
0.915931866551962	
0.915756984483219	
0.915647424403390	
0.915543191701740	
0.915442419617565	
0.915389029384502	
0.915344217455617	
0.915261142953713	
0.915245353573791	
0.915156605143490	
0.915045711440172	
0.859008961461963	
0.770785523505733	
0.615815849674734	
0.368325684164034	
0.074717669630415	
-0.177515734867275	
-0.358863470774583	
-0.483290307160517	
-0.570440601695519	
-0.633498608775020	
-0.680607454531427	
-0.716757303109518	
-0.745432237117541	
-0.768476106215545	
-0.787543542013326	
-0.803362795376505	
-0.816808289418010	
-0.828342505424599	
-0.838145901120784	
-0.846742993301259	
-0.854158002460963	
-0.860691842288845	
-0.866552736647624	
-0.871790198733747	
-0.876501294631400	
-0.880773135293215	
-0.884539421392873	
-0.888023201948777	
-0.891130857339648	
-0.894029224630828	
-0.896621118060560	
-0.899067379445130	
-0.901244881834717	
-0.903328983987481	
-0.905177462875351	
-0.906934373768193	
-0.908500410205275	
-0.910003236354198	
-0.911275678610971	
-0.912524964550886	
-0.913683721135775	
-0.914736793451547	
-0.915697906192169	
-0.916643574118021	
-0.917568881356222	
-0.918396675074678	
-0.919196001303033	
-0.919964375266235	
-0.920688985525909	
-0.921312871052110	
-0.921940363371713	
-0.922531111333581	
-0.923100773365165	
-0.923658463497808	
-0.924063182041971	
-0.924502780619723	
-0.924965586412037	
-0.925357476635654	
-0.925723393082123	
-0.926018353317851	
-0.926379654029870	
-0.926714156122103	
-0.927059079027067	
-0.927322411792788	
-0.927598290811467	
-0.927834418735801	
-0.928030927500469	
-0.928321626259449	
-0.928544314557684	
-0.928801369807333	
-0.929026968638937	
-0.929246486527710	
-0.929403902225051	
-0.929606056225848	
-0.929808304563470	
-0.929930594627335	
-0.930223461356196	
-0.930339228636097	
-0.930470933358579	
-0.930542213464516	
-0.930659724524740	
-0.930742566492055	
-0.930954637175408	
-0.931099529338761	
-0.931204123334668	
-0.931319568837528	
-0.931355439775828	
-0.931437487619579	
-0.931500380261070	
-0.931577177921652	
-0.931663385313256	
-0.931754472720526	
-0.931831728477698	
-0.931917797966925	
-0.931924899183951	
-0.931995208106814	
-0.932045595382788	
-0.932054830931646	
-0.932016632467835	
-0.931957207472713	
-0.931982909801064	
-0.931999517930489	
-0.931977689516145	
-0.932018533664997	
-0.932060634876799	
-0.932070145172006	
-0.932051827578981	
-0.932111850798038	
-0.932171800805636	
-0.932184844632518	
-0.932204345455183	
-0.932270270789300	
-0.932367983156502	
-0.932394311657805	
-0.932369767288028	
-0.932324200056355	
-0.932373557850341	
-0.932344684313942	
-0.932359522366690	
-0.932330319944316	
-0.932338400285615	
-0.932383589428791	
-0.931822435014809	
-0.930998620698024	
-0.929461380361925	
-0.927000853861863	
-0.924145195181866	
-0.921636232519648	
-0.919782756958631	
-0.918558208032135	
-0.917734110426384	
-0.917106284174064	
-0.916674386005212	
-0.916273873223730	
-0.916021437838071	
-0.915787430841675	
-0.915586341388905	
-0.915438781202388	
-0.915392134843531	
-0.915279312522025	
-0.915183890915591	
-0.915108445766432	
-0.915068691358594	
-0.915020558990722	
-0.914993041079864	
-0.914902625454628	
-0.914845332411788	
-0.914755098301095	
-0.914692779133986	
-0.914639903424426	
-0.858823104269550	
-0.770778696051050	
-0.615864176802699	
-0.369657275766697	
-0.076581362420502	
0.176469473431161	
0.357394544606096	
0.481831695929038	
0.569521617095179	
0.633112031321374	
0.680568207766787	
0.716893956064962	
0.745425805587880	
0.768528379969626	
0.787580757928630	
0.803439379456226	
0.816772853317338	
0.828116658950395	
0.838015095391654	
0.846563445628504	
0.854063259486854	
0.860648209829203	
0.866598902174779	
0.871834258504720	
0.876574639555582	
0.880761148945239	
0.884622530804810	
0.888005819039037	
0.891142365258081	
0.894054696548385	
0.896701595280849	
0.899119592346876	
0.901352475643080	
0.903330329783282	
0.905159404846253	
0.906822980518725	
0.908450468934187	
0.909883975087375	
0.911293037207319	
0.912586419991924	
0.913818362187401	
0.914937323974765	
0.915971181315006	
0.916954162336350	
0.917837264646620	
0.918721423545272	
0.919460935355087	
0.920202601148604	
0.920983186491224	
0.921598871738537	
0.922207398702348	
0.922791674760591	
0.923379046493639	
0.923874831229218	
0.924395587028618	
0.924821445519735	
0.925258773657958	
0.925651003799723	
0.925945375712644	
0.926311321998818	
0.926651726954246	
0.926991805904748	
0.927338267327592	
0.927649413999153	
0.927870479622849	
0.928076219466176	
0.928304170334943	
0.928538053995831	
0.928776334007766	
0.929018873376952	
0.929156950147793	
0.929317600762328	
0.929529352355955	
0.929744994662953	
0.929903653283500	
0.930084714987912	
0.930174650926502	
0.930350920504220	
0.930471207836336	
0.930570563379307	
0.930694849377317	
0.930825063467013	
0.930974762406060	
0.931045424182829	
0.931160486493581	
0.931216219327919	
0.931270496359232	
0.931296413654732	
0.931446703456715	
0.931501292188596	
0.931595819245690	
0.931663572571118	
0.931803532464713	
0.931894870467666	
0.931981120439168	
0.932045538246413	
0.932034920330954	
0.932114960717728	
0.932142528186358	
0.932131048464843	
0.932162779720891	
0.932272287630418	
0.932309498511909	
0.932340264532325	
0.932362835565416	
0.932423755560500	
0.932426927614385	
0.932431126772713	
0.932530217549251	
0.932570350103011	
0.932617999028863	
0.932663891854177	
0.932623692139324	
0.932637251744231	
0.932634371720190	
0.932627452959407	
0.932641281374844	
0.932673121275585	
0.932727480307260	
0.932768442113293	
0.932195837188254	
0.931333734338069	
0.929848781903353	
0.927408617852748	
0.924484123837399	
0.921969532847882	
0.920141473872406	
0.918865168591699	
0.917998917270596	
0.917371541956510	
0.916925724080827	
0.916613576692108	
0.916307320513369	
0.916056317191142	
0.915912285515019	
0.915779769025222	
0.915656650112562	
0.915490170752500	
0.915382215277177	
0.915278022459950	
0.915222839705924	
0.915177261267568	
0.915148242197829	
0.915070950999826	
0.915075092641628	
0.915107133173513	
0.915055412070881	
0.915059568305951	
0.915060589557900	
0.915038141540774	
0.858925929866981	
0.771307584450078	
0.615955399814125	
0.368338538630630	
0.074109309747889	
-0.178849622242282	
-0.359846558823627	
-0.484101313050060	
-0.571135463443721	
-0.634250401148367	
-0.681133985114644	
-0.717678303270108	
-0.746134964966893	
-0.769124608307382	
-0.788053706062781	
-0.803922770305011	
-0.817236161336816	
-0.828641449704424	
-0.838331578605087	
-0.846891003673273	
-0.854358009482185	
-0.860940845354824	
-0.866794983292518	
-0.871978454451885	
-0.876588092339401	
-0.880724793775525	
-0.884562332627149	
-0.887986744938633	
-0.891105565626980	
-0.894018273905155	
-0.896621565931232	
-0.899000704546585	
-0.901147766832372	
-0.903244180802933	
-0.905102156227533	
-0.906773636189516	
-0.908395069953872	
-0.909861918919407	
-0.911177698651109	
-0.912451369790390	
-0.913664244387742	
-0.914830287788004	
-0.915893706681695	
-0.916866508296142	
-0.917742599585613	
-0.918523617635353	
-0.919288262409606	
-0.920017223255889	
-0.920788030941968	
-0.921434377559028	
-0.922048484071913	
-0.922655590697181	
-0.923189743347368	
-0.923693568807417	
-0.924161265203209	
-0.924679823215671	
-0.925138264549111	
-0.925517409750556	
-0.925891360411599	
-0.926164100887980	
-0.926551222685841	
-0.926891459198107	
-0.927201514268219	
-0.927474759008927	
-0.927738924752269	
-0.927961568239656	
-0.928200270999398	
-0.928401651912000	
-0.928558915694746	
-0.928780455880588	
-0.929007964948471	
-0.929143608225759	
-0.929292475957897	
-0.929427934616405	
-0.929590080589023	
-0.929759812885882	
-0.929889491381318	
-0.930046034736931	
-0.930227802651600	
-0.930297743785667	
-0.930435781875485	
-0.930531256769379	
-0.930625451102855	
-0.930744251785666	
-0.930878045440285	
-0.930931379963840	
-0.931060477066159	
-0.931098487594027	
-0.931213825443078	
-0.931295791500949	
-0.931339016382481	
-0.931395937188099	
-0.931399630173737	
-0.931465117170202	
-0.931572760005759	
-0.931631580137031	
-0.931673306932245	
-0.931749977121040	
-0.931804352459443	
-0.931858478908791	
-0.931894081939649	
-0.931891423714932	
-0.931929800614796	
-0.931999952754993	
-0.932043720110704	
-0.932034193445655	
-0.932039805234456	
-0.932074983586809	
-0.932124720671273	
-0.932152737043010	
-0.932159358340774	
-0.932170433305301	
-0.932232662829235	
-0.932303014954141	
-0.932355126674527	
-0.932364011015314	
-0.932385761274076	
-0.932356152073269	
-0.931768668929806	
-0.930921321224633	
-0.929370585318857	
-0.926962456211436	
-0.924022134403618	
-0.921504551974771	
-0.919694722963868	
-0.918505771127715	
-0.917749984363414	
-0.917120006848650	
-0.916723115274566	
-0.916347617567366	
-0.916075118319202	
-0.915876799694600	
-0.915672033821780	
-0.915497758667053	
-0.915344628442539	
-0.915211719828368	
-0.915104178099310	
-0.915064167005827	
-0.914990763775373	
-0.914947647481523	
-0.914881775286957	
-0.914795223157216	
-0.914722140188870	
-0.914676361362390	
-0.914666969320290	
-0.914640221398017	
-0.914624808641860	
-0.914587954191065	
-0.914604142022740	
-0.914593817177138	
-0.858339005072436	
-0.770624562935821	
-0.615783579916341	
-0.369561982224208	
-0.075974985983744	
0.176205712485018	
0.357054118660705	
0.482382204775997	
0.569756135439152	
0.633145829284050	
0.680067446572883	
0.716441198720573	
0.745182821708794	
0.768351427129778	
0.787347576645119	
0.803295155082480	
0.816657281260422	
0.828057085055264	
0.837932292212253	
0.846499095101135	
0.854001072478441	
0.860630069434615	
0.866584458515267	
0.871809277927111	
0.876456820842794	
0.880668234634576	
0.884438134442931	
0.887867172123461	
0.891030872075772	
0.893915362935171	
0.896555214255980	
0.898943963496512	
0.901153356036850	
0.903217318109852	
0.905134104684816	
0.906888079823759	
0.908499279060725	
0.909918618215842	
0.911325905319327	
0.912562539359023	
0.913742884535698	
0.914844535552282	
0.915875706026857	
0.916779831975693	
0.917674216592325	
0.918561464617298	
0.919369690244526	
0.920081102898873	
0.920739385761053	
0.921407970333071	
0.922051527880883	
0.922585254718010	
0.923084571720493	
0.923634605303943	
0.924150263445960	
0.924639874183626	
0.925109146911463	
0.925525351242427	
0.925880251482706	
0.926232564769516	
0.926567340397601	
0.926940641407303	
0.927278313394772	
0.927567622048899	
0.927856336771225	
0.928106563171082	
0.928347562374778	
0.928564184577224	
0.928792108669771	
0.929042819888766	
0.929226345851525	
0.929369963102351	
0.929560578915326	
0.929730325507557	
0.929966929266337	
0.930098809608003	
0.930203306630683	
0.930350283327685	
0.930461716068160	
0.930576400034732	
0.930687506034674	
0.930828324968598	
0.930887661308964	
0.931013155928285	
0.931040146099784	
0.931158342077136	
0.931215410975861	
0.931265678061748	
0.931309997940580	
0.931409437511475	
0.931557212449392	
0.931631221395282	
0.931672460231585	
0.931730973419817	
0.931707086061855	
0.931797506650241	
0.931869422055712	
0.931976717400633	
0.932032397957078	
0.932136442284675	
0.932188759994361	
0.932217787161123	
0.932286537080916	
0.932372558919159	
0.932410668407673	
0.932423269178220	
0.932416124989995	
0.932411962153980	
0.932458353331871	
0.932505319151412	
0.932516632458604	
0.932582405042598	
0.932589625475855	
0.932645507516648	
0.932641191861460	
0.932644794960794	
0.932112307774341	
0.931248331542235	
0.929747800344556	
0.927282815731860	
0.924307640217052	
0.921833450146630	
0.920000493633449	
0.918731159450196	
0.917865704723428	
0.917295835899648	
0.916866400440571	
0.916504811302905	
0.916245693391723	
0.916066993760468	
0.915918654498060	
0.915758170696956	
0.915616071086020	
0.915499279367205	
0.915416508147163	
0.915295378220570	
0.915238774107780	
0.915181048582675	
0.915166261514570	
0.915083704569616	
0.915049898715280	
0.914989542175606	
0.914973180925572	
0.914932017647129	
0.914972961328169	
0.914917119699753	
0.914896660794622	
0.914893277927554	
0.914794579083679	
0.914776509435630	
0.859070767008471	
0.770804054416752	
0.615542208677384	
0.367422524680869	
0.073613657666026	
-0.178002566823322	
-0.358888591468108	
-0.482806846420054	
-0.569849334981261	
-0.632853043694006	
-0.680311895173937	
-0.716593991332435	
-0.745071320676852	
-0.768195995846174	
-0.787035211520485	
-0.803080649686446	
-0.816333107749532	
-0.827772397977945	
-0.837582383834144	
-0.846124218470660	
-0.853554942924678	
-0.860219031559471	
-0.866125911472299	
-0.871339796035060	
-0.876060037633570	
-0.880330757457153	
-0.884109999200551	
-0.887582765687365	
-0.890783610852729	
-0.893692657374175	
-0.896225330596651	
-0.898667751142620	
-0.900852219873745	
-0.902921339132518	
-0.904841667139508	
-0.906595583566814	
-0.908192616373885	
-0.909707685673096	
-0.911076514821825	
-0.912318120161655	
-0.913481128641238	
-0.914601700376553	
-0.915648841335517	
-0.916587119385548	
-0.917509743250029	
-0.918354112522381	
-0.919150381830356	
-0.919877770923551	
-0.920544406964837	
-0.921181188570716	
-0.921785810617452	
-0.922428219178911	
-0.923009402421722	
-0.923502708085422	
-0.924012628022211	
-0.924513167755853	
-0.924935025626737	
-0.925329136555846	
-0.925728759618585	
-0.926078610144168	
-0.926398991805516	
-0.926734820002032	
-0.927018984078611	
-0.927293968704246	
-0.927561938556159	
-0.927793735179840	
-0.928088037299705	
-0.928306914061588	
-0.928531151974383	
-0.928743149664468	
-0.928987136115049	
-0.929181069496027	
-0.929273754040184	
-0.929476911373130	
-0.929612484080075	
-0.929841966017713	
-0.929994427280273	
-0.930115895016386	
-0.930296279101985	
-0.930437153936379	
-0.930567513415248	
-0.930635492348846	
-0.930674292900608	
-0.930736762089622	
-0.930794434042685	
-0.930821631814730	
-0.930901323461919	
-0.931033089156305	
-0.931120519176292	
-0.931207536702964	
-0.931318559542680	
-0.931372804830332	
-0.931424062594909	
-0.931511614434583	
-0.931571122431445	
-0.931663087222999	
-0.931768456904269	
-0.931811440362034	
-0.931833792409148	
-0.931940837047593	
-0.931989535562606	
-0.931981243055629	
-0.931971502322789	
-0.932017771175765	
-0.932090531711802	
-0.932113513927701	
-0.932107393983218	
-0.932126778100484	
-0.932148884664583	
-0.932154613876304	
-0.932136503892248	
-0.932203976723040	
-0.932241082859541	
-0.932272985715138	
-0.931777597107815	
-0.930953048386729	
-0.929436450036687	
-0.926987245544481	
-0.924121892864635	
-0.921583912817266	
-0.919802395395438	
-0.918552053311667	
-0.917639852631019	
-0.917064181677243	
-0.916626033206984	
-0.916348526116677	
-0.916023384813473	
-0.915815284251317	
-0.915593010768378	
-0.915479360662134	
-0.915382963464838	
-0.915311278463982	
-0.915242428593539	
-0.915190105359704	
-0.915098648201738	
-0.915084187173539	
-0.915003080432433	
-0.915023881010730	
-0.914969798862318	
-0.914915567056822	
-0.914880500622395	
-0.914824728883561	
-0.914756453245941	
-0.914704422811071	
-0.914670366902666	
-0.914700275297467	
-0.914650346112236	
-0.914672601945027	
-0.914656058511931	
-0.914643472356729	
-0.858119468475061	
-0.769658458359270	
-0.614138351641678	
-0.367576618612200	
-0.074437817517861	
0.177899285062947	
0.358912355212984	
0.483631111106881	
0.570264063444826	
0.633404220309200	
0.680357945677391	
0.716643508961594	
0.745383674352172	
0.768593647241391	
0.787529458081653	
0.803362713328071	
0.816675223380944	
0.828103065510744	
0.838074634319750	
0.846641092725704	
0.854180961379327	
0.860857889819506	
0.866734035440914	
0.871953764559244	
0.876644929136064	
0.880856548371050	
0.884618888784418	
0.888119086103351	
0.891170337642252	
0.894032348961994	
0.896647354665740	
0.899070826627624	
0.901244107885787	
0.903260520371833	
0.905096409074813	
0.906825657314463	
0.908441137525601	
0.909996653609709	
0.911329301783789	
0.912658689373334	
0.913821387639193	
0.914973386809420	
0.916039709753524	
0.917007062099999	
0.917894047366237	
0.918624811751401	
0.919404971802718	
0.920104203884207	
0.920804603296548	
0.921415429559164	
0.922010564196535	
0.922569456484370	
0.923118308962406	
0.923672322888797	
0.924137546848789	
0.924595765619408	
0.925071924093750	
0.925433129203087	
0.925850871331189	
0.926254972212566	
0.926638236978359	
0.927011280713915	
0.927296759668092	
0.927576476298013	
0.927874917327991	
0.928161366739748	
0.928386116100725	
0.928601084750216	
0.928820398121024	
0.929064257012482	
0.929256432930748	
0.929447104298776	
0.929597309953918	
0.929787046092365	
0.929949040853732	
0.930082870710827	
0.930226754773929	
0.930398418553278	
0.930461911497921	
0.930583966790037	
0.930621783763706	
0.930750194494740	
0.930807963420246	
0.930911640662322	
0.930971330767639	
0.931090014633588	
0.931149106100523	
0.931208428360726	
0.931278742430722	
0.931361319976127	
0.931414846805153	
0.931439724670059	
0.931513062246202	
0.931592100573938	
0.931680729162592	
0.931724271391505	
0.931731875724012	
0.931794465500925	
0.931898826717261	
0.931994370049961	
0.932010474157158	
0.932070617343380	
0.932101011043145	
0.932092622815152	
0.932177147414211	
0.932147508156672	
0.932165566329434	
0.932205774740952	
0.932214847585831	
0.932258999644880	
0.932250931981576	
0.932276113332715	
0.931746040861641	
0.930872721586761	
0.929361111062404	
0.926883335088554	
0.923966947037745	
0.921459914425632	
0.919745542820211	
0.918530409435112	
0.917688453100091	
0.917104789826835	
0.916608124987597	
0.916282530895349	
0.916007829084757	
0.915727443495476	
0.915527822198103	
0.915345599943193	
0.915226208767239	
0.915147756619004	
0.915085893066170	
0.915007796852199	
0.914964810977782	
0.914924980376503	
0.914901148731631	
0.914827479416509	
0.914757202016374	
0.914681441521938	
0.914709640821788	
0.914690463048381	
0.914660154690932	
0.914657777967012	
0.914651289321826	
0.914604314950493	
0.914599503720983	
0.914610073410542	
0.914609476908403	
0.914613404851565	
0.914559232359247	
0.914530692036131	
0.858666942917542	
0.771401900110206	
0.616731657261627	
0.369683060029608	
0.077234985690041	
-0.175372896455822	
-0.356781186058465	
-0.481488199524114	
-0.569035697241565	
-0.631607530163712	
-0.679103538104265	
-0.716046409038990	
-0.744741259068692	
-0.768112757734118	
-0.787318607208963	
-0.803243382201926	
-0.816633735396944	
-0.827974280643266	
-0.837752728120536	
-0.846412741996736	
-0.853934792846725	
-0.860545274533553	
-0.866405604054432	
-0.871755527490805	
-0.876332948599915	
-0.880613111691427	
-0.884332988503845	
-0.887821274549229	
-0.890952618237995	
-0.893812224088630	
-0.896356815977062	
-0.898736866177405	
-0.900866638418705	
-0.902866801101110	
-0.904720763635775	
-0.906486888512415	
-0.908090843198283	
-0.909638520994249	
-0.911040108489313	
-0.912312114810278	
-0.913522449588006	
-0.914675265212302	
-0.915611103743663	
-0.916596882849870	
-0.917525577912156	
-0.918363214887384	
-0.919142957593458	
-0.919892305424090	
-0.920565557767149	
-0.921246852942864	
-0.921834282384902	
-0.922375945773744	
-0.922931347561237	
-0.923446495473817	
-0.923941741501929	
-0.924406526965385	
-0.924899473800974	
-0.925340370504659	
-0.925649606051320	
-0.926029438567098	
-0.926361549086020	
-0.926712309072956	
-0.927037063078621	
-0.927304568190043	
-0.927616822208286	
-0.927871716805414	
-0.928112020429273	
-0.928305898661530	
-0.928449803816466	
-0.928684331364714	
-0.928740741981040	
-0.928945455709523	
-0.929121434656173	
-0.929283419932623	
-0.929429057149084	
-0.929580858454871	
-0.929783201209179	
-0.929940342176541	
-0.930054814833537	
-0.930160004451247	
-0.930282245887497	
-0.930344445764633	
-0.930498939169212	
-0.930670727695427	
-0.930771118109061	
-0.930846324739048	
-0.930948649451566	
-0.931065134313906	
-0.931145949133551	
-0.931240900070441	
-0.931234402796492	
-0.931267180918224	
-0.931378436411242	
-0.931419434508297	
-0.931457963777381	
-0.931484959406755	
-0.931502538788888	
-0.931589626865484	
-0.931616770028404	
-0.931696883849308	
-0.931788461840889	
-0.931832754525112	
-0.931852290446762	
-0.931931777494116	
-0.931956504347632	
-0.932026922969107	
-0.932033763713959	
-0.932064939254089	
-0.932109654936651	
-0.932151807098350	
-0.922987455968276	
-0.923045225072595	
-0.923034644485338	
-0.923083488246313	
-0.923194609023732	
-0.923185177440518	
-0.923154602303044	
-0.923188176234912	
-0.923250836532050	
-0.923267775996231	
-0.923304523011121	
-0.923323598708142	
-0.923313462969626	
-0.923318594032205	
-0.923304651425659	
-0.923311551181805	
-0.923386854405488	
-0.923361024911917	
-0.923396643654610	
-0.923415897066245	
-0.923447335482574	
-0.923491111290721	
-0.923519415490211	
-0.923551412260552	
-0.923574905297936	
-0.923610168500102	
-0.923559497878672	
-0.923537596039598	
-0.923557659817602	
-0.923596619671632	
-0.923614847783334	
-0.923562797697026	
-0.923538779411161	
-0.923611920430685	
-0.923636304710773	
-0.923650645830432	
-0.923657376710038	
-0.923564596829455	
-0.923597782691807	
-0.923557734317623	
